 ./Belkan mapas/mapa50.map 1 2 19 7 3 16 13

Res = yes;

./Belkan mapas/medieval.map 1 3 93 46 2 93 41 93 39 86 41

Res = yes; (from 26segs to 7segs with new upgrade but slightly odd path ?¿?).

./Belkan mapas/mapa30.map 1 4 20 11 3 3 3 5 10 16 14 18 10 21 4 7 4 24 4 12 3 6 15 25 18 8 19 15 14 23 15 26 8 10 24 19 26 25 7 16 11 22 15 20 15 22 19 10 20 4 13 26 24 9 6 26 10 17 19 25 13 24 20 26 19 12 18 8 23 9 13 6 5 8 16 12 5 3 14 11 22 11 8 6 17 7 4 21 3 23 4 15 5 7 23 21 19 4 15 6 13 24 17 6 26 5 4 24 10 16 17 13 20 22 9 26 22 22 24 14 4 24 26 7 18 6 21 9 9 18 6 19 15 16 21 3 14 13 10 25 13 17 24 7 20 14 14 9 21 5 18 20 20 19 10 5 18 18 21 9 22 20 19 7 15 26 20 10 17 17 19 8 23 8 9 9 5 20 3 20 11 6 23 16 8 26 14 17 4 8 25 14 13 25 14 8 5 20 21 4 18 14 25 21 5

P1 Res = 107 -> 111 -> (faster_calculus)113 ->(exp_rate) 109 -> (Update avoidvillager obsoleto por deficiencia en otros niveles 112) || Final: 112

./Belkan mapas/mapa50.map 1 4 28 25 3 39 45 9 16 38 13 27 23 31 18 45 31 35 7 12 6 40 7 20 6 10 25 41 30 14 31 26 24 38 26 38 20 44 14 17 40 45 3 4 9 33 44 17 3 3 11 42 13 26 18 38 25 33 26 46 46 36 14 36 31 17 34 8 22 44 41 16 11 44 17 29 32 42 21 46 19 40 34 45 24 46 7 44 32 21 30 14 39 15 22 11 9 13 27 20 8 45 5 6 24 46 34 19 37 18 14 11 29 12 7 36 6 39 8 37 3 26 8 12 39 36 32 37 4 6 26 3 3 10 23 40 28 10 44 46 29 9 8 19 45 40 17 27 28 22 34 4 26 37 15 43 37 37 41 46 43 37 45 24 8 41 44 3 32 12 31 11 35 15 16 11 3 31 11 32 25 27 35 5 23 22 16 42 21 29 41 11 33 24 24 15 35 9 31 34 33 31 17 3 3

P2 Res = 60 -> 67 ->(faster_calculus) 69 -> (exp_rate) 64 -> (Update avoidvillager obsoleto por deficiencia en otros niveles 68) || Final: 65

./Belkan mapas/mapa75.map 1 4 11 47 0 59 68 3 32 14 25 57 20 41 35 47 27 38 71 68 47 53 10 18 10 60 11 16 38 62 45 22 47 39 37 57 39 57 30 66 21 26 60 68 5 6 14 49 66 26 4 4 17 63 19 40 28 57 38 50 39 69 69 54 21 55 47 26 51 12 33 66 62 24 17 67 26 51 71 44 49 64 32 69 29 61 51 68 36 69 11 66 48 32 46 21 58 23 33 16 14 20 41 31 12 68 7 9 37 70 51 28 56 27 22 17 43 18 11 54 9 59 12 55 5 39 13 18 59 54 49 56 7 10 39 5 5 15 34 61 42 56 3 15 66 4 65 69 44 13 12 29 68 41 43 33 51 7 39 56 22 65 56 56 62 69 65 55 67 37 12 62 66 5 48 18 47 17 52 23 24 17 5 47 16 48 38 40 53 44 70 33 25 63 32 44 62 17 50 36 36 22 53 13 46

P3 Res = 41 ->  39 -> 39 -> less suicidal. -> 40 -> (exp_rate + fastercalculus) 42 killed himself again xd -> (Update obsoleto por deficiencia en otros niveles 45) || Final: 47

./Belkan mapas/mapa100.map 1 4 63 31 3 3 3 73 91 19 33 76 27 55 47 62 36 51 95 91 63 71 14 24 13 80 15 21 51 83 61 29 63 52 49 77 52 76 40 89 28 35 80 91 6 94 52 8 19 66 89 34 6 6 23 85 26 53 37 76 51 66 53 3 43 93 93 72 28 73 63 35 68 16 44 88 82 33 22 89 35 68 95 58 65 85 43 92 39 81 68 91 48 21 95 92 14 88 64 43 61 28 78 30 44 22 18 27 55 41 16 90 10 12 49 93 68 38 74 36 29 23 58 24 15 73 12 79 16 74 7 95 5 52 17 24 79 73 65 96 63 75 9 13 52 7 6 20 46 81 57 75 5 20 88 5 87 92 59 18 16 39 91 81 35 55 57 45 68 9 53 75 30 87 74 62 3 74 83 92 87 74 90 49 16 83 88 7 64 24 62 22 70 31 32 23 7 63 22 65 51 54 71 11 47

P4 Res = 2 -> (exp_rate + faster_calculus) +6 ?¿ bad_alloc -> 23 El pepe || Final: 24

./Belkan mapas/pinkworld.map 1 4 68 14 1 3 3 41 35 47 27 38 71 68 47 18 10 60 11 30 9 66 21 68 5 71 39 6 14 49 66 4 17 40 28 50 39 69 69 12 33 66 62 67 26 51 71 44 49 64 32 69 29 68 36 16 71 69 11 66 48 32 46 21 58 16 14 68 7 9 37 70 51 17 43 18 11 59 12 55 5 71 3 39 13 18 59 5 5 15 34 56 3 15 66 4 65 69 44 13 12 41 43 33 51 65 56 56 62 69 65 37 12 5 48 18 47 17 52 17 5 47 16 40 53 8 35 44 70 33 25 44 62 17 50 36 36 52 50 47 26 47 54 15 69 51 48 6 19 65 51 7 8 44 49 21 58 32 71 68 57 52 9 51 28 58 70 68 64 15 59 41 22 67 68 65 37 43 12 20 64 36 34 51 54 10 45 36 62 9 10 69 68 46 62 49 45 19 11 5 8 6 32 70 43

P5 Res = 14; //Remains useless -> (faster_calculus + exp_rate) 32  Not Anymore :D || Final: 26 ?¿?

./Belkan mapas/islas.map 1 4 47 53 2 74 47 46 42 71 56 83 52 58 65 85 43 92 39 81 68 91 48 21 95 92 14 88 64 43 61 28 78 30 44 22 18 27 55 41 16 90 10 12 49 76 68 38 74

P6 Res = 20 -> 22 -> Slight Improvement due to less priority for battery. -> 26 (faster_calculus version) || Final: 26

./Belkan mapas/marymonte.map 1 4 66 38 0 59 64 41 35 12 65 71 68 47 53 10 45 69 8 6 37 68 59 36 48 11 13 70 70 8 67 59 10 34 70 33 4 66 70 37 22 46 71 70 18

P7 Res = 10; //Remains useless -> 28 Not Anymore :D (faster_calculus) || Final: 28

./Belkan mapas/medieval.map 1 4 3 3 2 9 20 13 48 9 87 84 39 91 19 33 76 87 39 57 29 84 53 96 96 63 3 88 54 32 44 19 75 29 95 96 48 21 33 87 41 9 20 13 48 9 87 84 39 91 19 33 76 87 39 57 29 84 53 96 96 63 3 88 54 32 44 19 75 29 95 96 48 21 33 87 41 9 20 13 48 9 87 84 39 91 19 33 76 87 39 57 29 84 53 96 96 63 3 88 54 32 44 19 75 29 95 96 48 21 33 87 41

P8 Res=16;  //Remains useless -> 29 Not Anymore :D (faster_calculus) || Final: 28